56
0 10 0 0 1 0
-50 10 0 0 1 0
-85.36 14.64 0 0.707 0.707 0
-100 50 0 1 0 0
-100 60 0 0 0 1
-100 70 0 -1 0 0
-100 80 0 0 0 -1
-100 90 0 1 0 0
-100 100 0 0 0 1
-100 110 0 -1 0 0
-100 120 0 0 0 -1
-100 130 0 1 0 0
-100 140 0 0 0 1
-100 150 0 -1 0 0
-100 160 0 0 0 -1
-100 170 0 1 0 0
-100 180 0 0 0 1
-100 190 0 -1 0 0
-97.07 197.07 0 -0.707 0.707 0
-90 200 0 0 1 0
-80 200 0 0 0 -1
-70 200 0 0 -1 0
-60 200 0 0 0 1
-50 200 0 0 1 0
-40 200 0 0 0 -1
-30 200 0 0 -1 0
-20 200 0 0 0 1
-10 200 0 0 1 0
0 200 0 0 0 -1
10 200 0 0 -1 0
20 200 0 0 0 1
30 200 0 0 1 0
40 200 0 0 0 -1
50 200 0 0 -1 0
60 200 0 0 0 1
70 200 0 0 1 0
80 200 0 0 0 -1
90 200 0 0 -1 0
97.07 197.07 0 -0.707 -0.707 0
100 190 0 -1 0 0
100 180 0 0 0 -1
100 170 0 1 0 0
100 160 0 0 0 1
100 150 0 -1 0 0
100 140 0 0 0 -1
100 130 0 1 0 0
100 120 0 0 0 1
100 110 0 -1 0 0
100 100 0 0 0 -1
100 90 0 1 0 0
100 80 0 0 0 1
100 70 0 -1 0 0
100 60 0 0 0 -1
100 50 0 1 0 0
85.36 14.64 0 0 0 1
50 10 0 0 1 0
